ps:1.0
r:0.9999649999999962
p:1.0
v:0.9997250000000514
n:1.0008750000000597
a:1.000373999999983
t:0.9999730000000044
ch:0.9999979999999998
c:0.9999880000000017
e:0.9999849999999989
p_s:1.0
np:1.0001980000000525
nc:1.0000170000000015
x:0.999909000000011
l:1.0000049999999994
m:1.0001299999999897
nu:1.000001
ny:0.9999810000000017
s:1.0000000000000002
i:1.0000040000000001
nb:0.9999960000000029
b:1.0000690000000032
y:0.9999999999999992
:0.9999990000000001
_:1.0
h:1.0
